[UART]
TERMINALMODE = 0

[RPMCTRL]
RPMCTRLENABLE = 1
KPLEFT = 0.441201
TNLEFT = 0.649482
TDLEFT = 0.207080
KPRIGHT = 0.541201
TNRIGHT = 0.649482
TDRIGHT = 0.207080
CORRLEFTSHORT = 1.076172
CORRLEFTLONG = 0.933898
CORRRIGHTSHORT = 1.095425
CORRRIGHTLONG = 0.919869

[PERIODS]
LATLON = 1200
TIME = 65535
DATE = 65535
HEADING = 400
ENCODERS = 400
ODOMETRY = 0
